0.000000 0.370316
0.052632 0.006444
0.105263 0.795013
0.157895 0.913402
0.210526 0.904781
0.263158 0.869367
0.315789 0.781249
0.368421 0.632643
0.421053 0.355429
0.473684 0.280021
0.526316 -0.274055
0.578947 -0.555103
0.631579 -1.072468
0.684211 -0.769911
0.736842 -1.378166
0.789474 -0.815957
0.842105 -1.017531
0.894737 -0.556418
0.947368 -0.821275
1.000000 -0.294680

0.000000 0.068587
0.052632 0.231908
0.105263 0.723009
0.157895 0.940169
0.210526 0.624449
0.263158 1.128437
0.315789 0.752179
0.368421 0.363802
0.421053 0.527433
0.473684 0.261218
0.526316 0.095482
0.578947 -0.538499
0.631579 -0.899766
0.684211 -1.452537
0.736842 -1.133474
0.789474 -0.857573
0.842105 -0.363025
0.894737 -0.631667
0.947368 -0.360096
1.000000 -0.325154

0.000000 0.116136
0.052632 0.186712
0.105263 1.185230
0.157895 0.674545
0.210526 0.459024
0.263158 0.663608
0.315789 0.710450
0.368421 0.754933
0.421053 0.575273
0.473684 0.233580
0.526316 -0.266723
0.578947 -0.635759
0.631579 -1.029950
0.684211 -0.798672
0.736842 -0.655398
0.789474 -0.927022
0.842105 -0.871962
0.894737 -0.543886
0.947368 -0.650434
1.000000 -0.107451

0.000000 -0.096495
0.052632 0.225220
0.105263 0.361571
0.157895 0.660192
0.210526 0.582328
0.263158 1.243057
0.315789 1.390599
0.368421 0.296094
0.421053 0.475006
0.473684 0.116966
0.526316 -0.037320
0.578947 -0.699288
0.631579 -0.950200
0.684211 -0.844280
0.736842 -0.698854
0.789474 -1.093874
0.842105 -0.880210
0.894737 -0.208106
0.947368 -0.704203
1.000000 0.044488

0.000000 -0.223522
0.052632 0.301836
0.105263 0.444478
0.157895 0.769893
0.210526 1.170186
0.263158 0.791002
0.315789 1.047767
0.368421 0.557834
0.421053 0.127943
0.473684 -0.177127
0.526316 -0.062454
0.578947 -0.288397
0.631579 -0.607839
0.684211 -1.004873
0.736842 -1.022446
0.789474 -0.788943
0.842105 -0.932744
0.894737 -0.343239
0.947368 -0.588167
1.000000 0.365981

